Top 20 Important Features:
said: 4.864763106899338
says: 3.06925665194653
gop: 2.938392187266587
conservative: 2.9186918524418113
marriage: 2.7481866436052913
rush: 2.6567182077389675
friday: 2.544163028778651
candidates: 2.4265484707815186
cruz: 2.424836007768221
attacks: 2.3421761480179746
tuesday: 2.31961534940606
continue: 2.278856459189628
islamic: 2.197808570984332
march: 2.1397591549870842
saturday: 2.1209349182645343
state: 2.1023200095648504
conservatives: 2.0878420867598693
say: 2.0675254006533343
fox: 2.044841503011324
convention: 1.9665046613490202
